1000147
100029
10022110
10022113
10022284
10022414
10022430
10022622
10022673
10023303
10023618
10023731
10023893
10023923
10023943
10023977
10024037
10024097
10024124
10024253
10024259
10024260
10024433
10024610
10024860
10024955
10024959
10025043
10025057
10025458
10025501
10025688
10026657
10026666
10026684
10027033
10027359
10027374
10027375
10027447
10027666
10027821
10028115
10028204
10028208
10028216
10028980
10029064
10029122
10029499
10029559
10029632
10029645
10029647
10029956
10029978
10030175
10030287
10030314
10030325
10030326
10030329
10030414
10030485
10030506
10030762
10036122
10036376
10036738
10037334
10037634
10037645
10047649
10048102
10048106
10048112
10048427
10048521
10048733
10048740
10049195
10049268
10049274
10049275
10049281
100499
10050221
10050242
10050562
10050707
10051057
10051073
10051074
10051269
10051289
10051778
10051781
10051785
10052380
10052444
